$ 1 0.000005 10.20027730826997 50 5 50
R 288 192 208 192 0 0 40 5 0 0 0.5
r 288 192 400 192 0 220.00000000000003
w 400 192 448 192 0
w 448 192 496 192 0
w 496 192 544 192 0
w 400 256 448 256 0
w 448 256 496 256 0
w 496 256 544 256 0
w 288 192 288 304 0
r 288 304 400 304 0 160
162 400 304 400 368 2 default-led 0 1 0 0.01
w 400 304 448 304 0
w 448 304 496 304 0
w 496 368 448 368 0
w 448 368 400 368 0
r 1152 448 1072 448 0 1000
L 1072 448 1008 448 0 1 false 3.3 0
162 400 192 400 256 2 default-led 1 1 1 0.01
162 544 192 544 256 2 default-led 1 1 1 0.01
162 448 192 448 256 2 default-led 1 1 1 0.01
162 496 192 496 256 2 default-led 1 1 1 0.01
162 496 304 496 368 2 default-led 0 1 0 0.01
162 448 304 448 368 2 default-led 0 1 0 0.01
162 544 304 544 368 2 default-led 0 1 0 0.01
162 592 304 592 368 2 default-led 0 1 0 0.01
w 544 368 496 368 0
w 592 368 544 368 0
w 544 304 592 304 0
w 496 304 544 304 0
162 640 304 640 368 2 default-led 0 1 0 0.01
162 688 304 688 368 2 default-led 0 1 0 0.01
w 640 368 592 368 0
w 688 368 640 368 0
w 640 304 688 304 0
w 592 304 640 304 0
w 1072 368 1184 368 0
w 1184 368 1184 256 0
w 1184 368 1184 432 0
t 1152 448 1184 448 0 1 0.6160324654671474 0.691134107781434 100
g 1184 464 1184 496 0
w 688 304 736 304 0
w 736 304 784 304 0
w 784 368 736 368 0
w 736 368 688 368 0
162 784 304 784 368 2 default-led 0 1 0 0.01
162 736 304 736 368 2 default-led 0 1 0 0.01
w 784 304 832 304 0
w 832 304 880 304 0
w 880 368 832 368 0
w 832 368 784 368 0
162 880 304 880 368 2 default-led 0 1 0 0.01
162 832 304 832 368 2 default-led 0 1 0 0.01
w 880 304 928 304 0
w 928 304 976 304 0
w 976 368 928 368 0
w 928 368 880 368 0
162 976 304 976 368 2 default-led 0 1 0 0.01
162 928 304 928 368 2 default-led 0 1 0 0.01
w 976 304 1024 304 0
w 1024 304 1072 304 0
w 1072 368 1024 368 0
w 1024 368 976 368 0
162 1072 304 1072 368 2 default-led 0 1 0 0.01
162 1024 304 1024 368 2 default-led 0 1 0 0.01
162 736 192 736 256 2 default-led 1 1 1 0.01
162 688 192 688 256 2 default-led 1 1 1 0.01
w 688 256 736 256 0
w 640 256 688 256 0
w 592 256 640 256 0
w 688 192 736 192 0
w 640 192 688 192 0
w 592 192 640 192 0
162 640 192 640 256 2 default-led 1 1 1 0.01
162 592 192 592 256 2 default-led 1 1 1 0.01
w 544 192 592 192 0
w 544 256 592 256 0
w 736 256 1184 256 0
