$ 1 0.000005 10.20027730826997 50 5 43
L -48 320 -96 320 0 1 false 3.3 0
R -48 192 -96 192 0 0 40 5 0 0 0.5
r -48 192 80 192 0 100
162 80 192 80 272 2 default-led 1 0 0 0.01
162 160 192 160 272 2 default-led 1 0 0 0.01
w 80 192 160 192 0
w 80 272 160 272 0
t 32 320 80 320 0 1 0.6166161228622733 0.6879122878961834 100
w 80 272 80 304 0
g 80 336 80 384 0
r 32 320 -48 320 0 1000
x 7 151 105 154 4 20 IR\sEmitters
x -201 197 -121 200 4 16 GPIO\sPin\s2
x -207 324 -118 327 4 16 GPIO\sPin\s17
x 511 151 615 154 4 20 IR\sReceiver
159 592 304 656 304 0 20 10000000000
R 464 304 400 304 0 0 40 3.3 0 0 0.5
L 624 320 624 368 0 0 false 5 0
b 576 240 668 389 0
x 585 258 661 261 4 12 IR\sPhotodiode
r 464 304 528 304 0 10000
M 528 304 528 224 0 2.5
w 528 304 592 304 0
w 656 304 704 304 0
g 704 304 704 416 0
x 297 307 377 310 4 16 GPIO\sPin\s1
x 489 202 578 205 4 16 GPIO\sPin\s27
